1 3
1 5
1 8
1 9
1 12
1 16
1 22
1 25
1 28
1 30
1 31
1 32
1 33
1 34
1 35
1 41
1 44
1 46
1 53
1 55
1 66
1 68
1 71
1 75
1 76
1 79
1 94
1 99
1 110
1 166
1 181
1 186
1 305
2 3
2 10
2 11
2 16
2 17
2 20
2 24
2 26
2 27
2 28
2 29
2 30
2 31
2 36
2 37
2 38
2 39
2 43
2 44
2 45
2 47
2 48
2 51
2 57
2 58
2 59
2 62
2 67
2 68
2 69
2 79
2 90
2 92
2 94
2 103
2 108
2 116
2 117
2 122
2 126
2 129
2 132
2 145
2 154
2 158
2 166
2 167
2 168
2 172
2 176
2 178
2 182
2 185
2 186
2 386
2 390
3 4
3 5
3 6
3 8
3 9
3 11
3 13
3 15
3 16
3 18
3 20
3 22
3 25
3 29
3 31
3 34
3 41
3 42
3 43
3 47
3 51
3 55
3 59
3 64
3 66
3 67
3 69
3 73
3 77
3 79
3 82
3 90
3 94
3 99
3 140
3 166
3 167
3 176
3 177
3 178
3 186
3 190
3 191
3 299
3 300
4 7
4 9
4 17
4 18
4 23
4 25
4 27
4 29
4 31
4 35
4 37
4 39
4 40
4 43
4 46
4 48
4 51
4 54
4 57
4 64
4 81
4 83
4 86
4 89
4 92
4 108
4 111
4 112
4 113
4 119
4 131
4 146
4 169
4 176
4 180
4 189
4 389
5 9
5 20
5 25
5 29
5 34
5 36
5 48
5 50
5 54
5 58
5 64
5 83
5 88
5 94
5 113
5 128
5 130
5 131
5 135
5 143
5 144
5 152
5 166
5 167
5 170
5 183
5 184
5 186
5 187
5 188
5 253
6 11
6 17
6 20
6 22
6 30
6 36
6 42
6 44
6 46
6 47
6 51
6 53
6 58
6 59
6 64
6 67
6 68
6 69
6 77
6 79
6 90
6 108
6 111
6 116
6 122
6 134
6 136
6 140
6 142
6 150
6 158
6 174
6 176
6 177
6 185
6 186
6 190
6 191
6 210
6 287
6 288
6 296
6 298
6 300
6 303
7 13
7 15
7 19
7 23
7 25
7 27
7 29
7 31
7 35
7 37
7 38
7 39
7 40
7 43
7 46
7 47
7 48
7 51
7 54
7 56
7 57
7 60
7 62
7 77
7 81
7 86
7 89
7 92
7 102
7 112
7 117
7 119
7 120
7 123
7 124
7 131
7 140
7 141
7 146
7 148
7 157
7 158
7 169
7 176
7 180
7 189
7 290
7 389
8 13
8 16
8 22
8 24
8 28
8 30
8 31
8 32
8 33
8 34
8 35
8 41
8 44
8 46
8 49
8 52
8 53
8 55
8 63
8 66
8 68
8 71
8 73
8 75
8 76
8 77
8 78
8 82
8 99
8 107
8 108
8 110
8 114
8 116
8 134
8 136
8 142
8 166
8 168
8 174
8 177
8 191
8 287
8 293
8 294
8 296
8 298
8 299
8 302
8 303
8 396
9 13
9 18
9 19
9 20
9 23
9 25
9 29
9 34
9 36
9 38
9 41
9 48
9 50
9 54
9 55
9 56
9 58
9 64
9 67
9 71
9 72
9 77
9 81
9 83
9 88
9 90
9 94
9 106
9 113
9 118
9 123
9 131
9 144
9 148
9 152
9 166
9 167
9 169
9 170
9 176
9 181
9 184
9 186
9 188
9 289
9 300
10 12
10 13
10 16
10 17
10 18
10 21
10 22
10 28
10 32
10 33
10 38
10 41
10 43
10 44
10 49
10 52
10 53
10 55
10 57
10 58
10 65
10 68
10 69
10 70
10 71
10 72
10 94
10 96
10 108
10 116
10 121
10 122
10 129
10 132
10 142
10 145
10 158
10 166
10 169
10 171
10 172
10 173
10 174
10 177
10 181
10 183
10 185
10 191
10 287
10 289
10 301
10 302
10 305
11 15
11 20
11 22
11 24
11 31
11 32
11 41
11 43
11 44
11 47
11 55
11 56
11 57
11 64
11 65
11 67
11 68
11 69
11 74
11 75
11 78
11 90
11 92
11 108
11 111
11 116
11 122
11 129
11 134
11 142
11 150
11 166
11 169
11 176
11 177
11 185
11 186
11 210
11 306
12 16
12 18
12 21
12 32
12 35
12 38
12 52
12 53
12 56
12 66
12 68
12 94
12 110
12 132
12 150
12 169
12 176
12 181
12 289
12 304
12 305
13 16
13 18
13 19
13 20
13 21
13 22
13 23
13 28
13 29
13 31
13 32
13 33
13 34
13 37
13 40
13 41
13 42
13 44
13 46
13 47
13 53
13 55
13 64
13 65
13 66
13 67
13 68
13 71
13 72
13 73
13 74
13 77
13 79
13 82
13 91
13 94
13 99
13 107
13 110
13 123
13 124
13 132
13 140
13 141
13 142
13 166
13 169
13 176
13 177
13 180
13 191
13 287
13 289
13 299
13 300
13 301
13 302
14 19
14 23
14 26
14 27
14 28
14 33
14 35
14 38
14 42
14 45
14 47
14 55
14 59
14 61
14 62
14 74
14 79
14 80
14 81
14 82
14 83
14 85
14 86
14 87
14 97
14 105
14 106
14 109
14 112
14 117
14 119
14 123
14 141
14 146
14 158
14 167
14 175
14 178
14 179
14 186
14 189
14 190
14 290
14 386
14 387
14 388
14 389
14 390
14 398
14 402
15 19
15 20
15 23
15 24
15 31
15 32
15 37
15 40
15 41
15 42
15 44
15 47
15 55
15 56
15 59
15 64
15 65
15 67
15 69
15 74
15 77
15 90
15 91
15 92
15 102
15 106
15 123
15 124
15 129
15 140
15 141
15 146
15 166
15 169
15 176
15 177
15 190
15 288
15 306
16 18
16 21
16 22
16 25
16 27
16 28
16 31
16 32
16 33
16 34
16 35
16 38
16 40
16 41
16 43
16 48
16 51
16 52
16 56
16 61
16 62
16 66
16 73
16 77
16 82
16 84
16 94
16 99
16 103
16 104
16 106
16 117
16 126
16 154
16 167
16 169
16 176
16 180
16 181
16 289
16 290
16 299
16 386
16 390
17 22
17 24
17 25
17 27
17 28
17 29
17 36
17 37
17 39
17 43
17 44
17 50
17 51
17 57
17 58
17 64
17 65
17 68
17 70
17 72
17 79
17 80
17 81
17 83
17 86
17 89
17 92
17 96
17 98
17 103
17 108
17 111
17 112
17 116
17 121
17 122
17 129
17 132
17 158
17 168
17 174
17 182
17 183
17 189
17 287
18 20
18 21
18 23
18 29
18 32
18 38
18 40
18 41
18 52
18 55
18 56
18 66
18 67
18 68
18 72
18 76
18 77
18 90
18 94
18 110
18 123
18 132
18 169
18 176
18 177
18 181
18 190
18 288
18 289
18 304
18 305
19 21
19 26
19 27
19 33
19 35
19 37
19 40
19 42
19 43
19 45
19 47
19 56
19 59
19 60
19 61
19 62
19 67
19 71
19 74
19 77
19 79
19 80
19 81
19 83
19 85
19 86
19 87
19 97
19 98
19 99
19 102
19 104
19 105
19 106
19 109
19 112
19 118
19 119
19 120
19 123
19 124
19 140
19 141
19 146
19 148
19 158
19 167
19 169
19 175
19 177
19 179
19 180
19 181
19 186
19 190
19 192
19 289
19 291
19 300
19 388
19 391
19 392
19 393
19 395
19 397
19 398
19 400
19 402
19 405
19 406
19 407
20 23
20 24
20 26
20 29
20 34
20 36
20 42
20 43
20 47
20 48
20 51
20 54
20 57
20 59
20 64
20 67
20 69
20 81
20 82
20 90
20 92
20 116
20 118
20 123
20 129
20 131
20 132
20 140
20 166
20 167
20 168
20 177
20 181
20 182
20 186
20 188
20 190
20 288
20 300
21 23
21 28
21 38
21 44
21 52
21 53
21 56
21 61
21 65
21 66
21 71
21 74
21 79
21 84
21 103
21 104
21 106
21 124
21 126
21 140
21 169
21 176
21 181
21 299
21 300
21 305
21 306
21 391
22 24
22 25
22 28
22 30
22 31
22 32
22 33
22 34
22 35
22 39
22 41
22 43
22 44
22 46
22 49
22 53
22 55
22 58
22 65
22 66
22 67
22 68
22 70
22 71
22 72
22 73
22 75
22 76
22 77
22 78
22 82
22 96
22 99
22 107
22 110
22 111
22 114
22 116
22 121
22 122
22 130
22 132
22 133
22 134
22 136
22 142
22 150
22 158
22 166
22 168
22 174
22 177
22 183
22 185
22 191
22 206
22 209
22 210
22 287
22 289
22 296
22 298
22 299
22 301
22 302
22 303
23 26
23 28
23 33
23 35
23 37
23 38
23 39
23 40
23 42
23 45
23 55
23 56
23 57
23 59
23 60
23 62
23 74
23 79
23 80
23 86
23 87
23 90
23 99
23 123
23 124
23 140
23 146
23 148
23 167
23 169
23 175
23 176
23 177
23 180
23 190
23 288
23 289
23 300
23 388
24 30
24 36
24 39
24 43
24 44
24 47
24 52
24 53
24 57
24 58
24 63
24 65
24 69
24 72
24 73
24 90
24 92
24 107
24 116
24 122
24 129
24 130
24 132
24 150
24 158
24 168
24 174
24 182
24 186
24 191
24 287
24 293
24 294
24 296
24 298
24 303
25 28
25 29
25 30
25 32
25 33
25 34
25 35
25 37
25 41
25 46
25 48
25 50
25 51
25 54
25 58
25 64
25 68
25 76
25 80
25 81
25 83
25 86
25 89
25 92
25 94
25 98
25 103
25 111
25 112
25 119
25 131
25 158
25 166
25 167
25 180
25 186
25 189
26 27
26 30
26 33
26 37
26 42
26 43
26 45
26 46
26 51
26 59
26 60
26 62
26 66
26 74
26 79
26 80
26 83
26 85
26 86
26 87
26 93
26 95
26 97
26 99
26 101
26 104
26 106
26 109
26 112
26 118
26 137
26 138
26 140
26 146
26 149
26 158
26 167
26 169
26 175
26 178
26 179
26 186
26 189
26 190
26 211
26 213
26 291
26 300
26 386
26 388
26 389
26 390
26 391
26 392
26 393
26 394
26 395
26 398
26 401
26 402
26 405
26 524
27 28
27 29
27 33
27 35
27 37
27 45
27 48
27 51
27 54
27 59
27 62
27 64
27 67
27 80
27 81
27 83
27 85
27 86
27 89
27 92
27 98
27 99
27 103
27 105
27 109
27 111
27 112
27 117
27 119
27 120
27 131
27 154
27 158
27 167
27 175
27 178
27 180
27 189
27 207
27 386
27 387
27 388
27 389
27 390
27 397
27 398
27 402
27 406
27 407
27 455
28 30
28 32
28 33
28 34
28 35
28 40
28 42
28 43
28 44
28 46
28 49
28 55
28 57
28 58
28 60
28 65
28 68
28 69
28 70
28 72
28 74
28 79
28 80
28 81
28 82
28 96
28 99
28 108
28 110
28 116
28 118
28 119
28 121
28 122
28 124
28 129
28 132
28 140
28 142
28 145
28 158
28 166
28 171
28 172
28 173
28 174
28 176
28 180
28 183
28 185
28 186
28 191
28 287
28 289
28 301
28 302
28 388
29 34
29 37
29 42
29 43
29 50
29 51
29 54
29 58
29 59
29 64
29 67
29 77
29 80
29 81
29 83
29 86
29 88
29 89
29 92
29 94
29 98
29 103
29 111
29 112
29 118
29 119
29 131
29 153
29 154
29 158
29 166
29 167
29 176
29 178
29 181
29 189
29 190
29 262
29 271
29 288
29 300
29 389
30 31
30 32
30 33
30 35
30 37
30 41
30 44
30 45
30 46
30 47
30 52
30 53
30 55
30 63
30 68
30 69
30 71
30 73
30 75
30 76
30 79
30 81
30 94
30 110
30 119
30 136
30 150
30 166
30 167
30 174
30 182
30 186
30 287
30 293
30 294
30 296
30 298
30 303
31 32
31 34
31 39
31 41
31 43
31 48
31 51
31 53
31 56
31 64
31 66
31 69
31 73
31 77
31 79
31 82
31 94
31 99
31 166
31 167
31 169
31 178
31 181
31 186
31 289
31 299
32 33
32 34
32 35
32 38
32 41
32 44
32 46
32 49
32 52
32 55
32 56
32 63
32 65
32 68
32 71
32 72
32 73
32 77
32 82
32 90
32 99
32 107
32 110
32 132
32 142
32 166
32 169
32 174
32 176
32 177
32 181
32 191
32 287
32 289
32 301
32 302
32 304
33 34
33 35
33 40
33 42
33 43
33 44
33 45
33 46
33 55
33 59
33 60
33 62
33 68
33 72
33 80
33 83
33 85
33 86
33 87
33 97
33 99
33 109
33 110
33 112
33 132
33 146
33 158
33 166
33 167
33 169
33 175
33 178
33 179
33 180
33 189
33 190
33 191
33 287
33 289
33 291
33 292
33 301
33 302
33 386
33 387
33 388
33 389
33 390
33 391
33 392
33 393
33 395
33 398
33 400
33 405
34 35
34 36
34 41
34 48
34 51
34 53
34 54
34 56
34 58
34 64
34 66
34 73
34 77
34 82
34 83
34 94
34 99
34 131
34 166
34 167
34 169
34 181
34 186
34 188
34 289
34 299
35 37
35 39
35 40
35 41
35 42
35 44
35 46
35 52
35 53
35 61
35 68
35 71
35 74
35 75
35 76
35 80
35 99
35 119
35 146
35 150
35 166
35 169
35 175
35 176
35 180
35 186
35 190
35 388
36 39
36 43
36 44
36 48
36 50
36 54
36 57
36 58
36 79
36 83
36 88
36 108
36 111
36 113
36 116
36 122
36 128
36 129
36 130
36 131
36 132
36 135
36 144
36 152
36 158
36 166
36 167
36 168
36 170
36 171
36 172
36 173
36 182
36 184
36 188
36 253
37 38
37 39
37 40
37 45
37 47
37 48
37 50
37 51
37 54
37 55
37 56
37 58
37 59
37 60
37 62
37 77
37 79
37 80
37 81
37 83
37 86
37 89
37 92
37 98
37 102
37 103
37 108
37 119
37 120
37 123
37 124
37 131
37 140
37 141
37 146
37 148
37 157
37 167
37 169
37 176
37 177
37 178
37 180
37 186
37 189
37 190
37 192
37 207
38 41
38 47
38 52
38 55
38 56
38 62
38 72
38 85
38 90
38 103
38 106
38 117
38 119
38 123
38 126
38 132
38 141
38 146
38 148
38 154
38 157
38 167
38 169
38 175
38 176
38 181
38 288
38 289
38 304
38 386
38 390
39 42
39 43
39 44
39 46
39 48
39 54
39 57
39 58
39 65
39 67
39 71
39 72
39 73
39 76
39 90
39 92
39 107
39 111
39 116
39 119
39 122
39 129
39 131
39 132
39 133
39 134
39 146
39 158
39 168
39 169
39 174
39 176
39 182
39 186
39 191
39 206
39 287
40 42
40 47
40 56
40 60
40 62
40 77
40 79
40 81
40 84
40 85
40 91
40 99
40 102
40 106
40 117
40 119
40 120
40 123
40 124
40 125
40 140
40 141
40 146
40 148
40 157
40 169
40 176
40 179
40 180
40 186
41 44
41 46
41 52
41 53
41 55
41 64
41 65
41 66
41 68
41 71
41 72
41 73
41 74
41 75
41 76
41 77
41 82
41 90
41 94
41 107
41 110
41 123
41 132
41 142
41 148
41 150
41 176
41 177
41 181
41 191
41 288
41 289
41 299
41 301
41 302
41 306
42 45
42 47
42 56
42 57
42 59
42 61
42 62
42 64
42 67
42 74
42 77
42 79
42 80
42 81
42 82
42 86
42 87
42 90
42 119
42 123
42 140
42 169
42 175
42 176
42 177
42 180
42 186
42 189
42 190
42 191
42 288
42 300
42 388
43 44
43 47
43 48
43 51
43 54
43 57
43 58
43 59
43 60
43 61
43 62
43 64
43 65
43 67
43 68
43 69
43 70
43 72
43 74
43 79
43 85
43 86
43 87
43 90
43 92
43 94
43 96
43 99
43 104
43 116
43 118
43 121
43 122
43 129
43 131
43 132
43 146
43 158
43 166
43 167
43 168
43 169
43 174
43 176
43 178
43 179
43 182
43 183
43 186
43 287
43 291
43 292
43 387
43 391
43 392
43 393
43 395
43 398
43 400
43 402
43 405
44 46
44 55
44 57
44 58
44 64
44 65
44 66
44 67
44 68
44 69
44 70
44 72
44 73
44 74
44 77
44 82
44 94
44 96
44 107
44 108
44 111
44 116
44 121
44 122
44 124
44 129
44 132
44 142
44 145
44 158
44 166
44 168
44 172
44 174
44 176
44 177
44 182
44 183
44 185
44 186
44 191
44 287
44 289
44 301
44 302
44 306
45 59
45 60
45 62
45 79
45 80
45 83
45 86
45 87
45 97
45 98
45 99
45 105
45 109
45 111
45 112
45 117
45 120
45 140
45 146
45 158
45 167
45 169
45 175
45 186
45 190
45 386
45 388
45 390
45 393
45 395
45 397
45 400
45 403
45 405
45 406
45 524
46 47
46 49
46 51
46 57
46 59
46 64
46 66
46 67
46 69
46 71
46 72
46 73
46 74
46 77
46 79
46 81
46 82
46 86
46 87
46 89
46 90
46 92
46 94
46 97
46 107
46 110
46 112
46 119
46 123
46 131
46 132
46 142
46 158
46 166
46 169
46 176
46 177
46 178
46 179
46 181
46 186
46 189
46 190
46 191
46 302
46 388
46 389
47 57
47 60
47 62
47 64
47 69
47 77
47 81
47 82
47 90
47 92
47 94
47 102
47 106
47 116
47 117
47 119
47 123
47 124
47 129
47 132
47 140
47 141
47 146
47 148
47 157
47 168
47 169
47 176
47 180
47 182
47 186
47 188
47 190
47 290
47 388
48 50
48 51
48 54
48 58
48 59
48 83
48 86
48 88
48 92
48 108
48 113
48 119
48 131
48 166
48 167
48 176
48 178
48 180
48 188
48 189
48 207
48 386
48 390
49 57
49 68
49 69
49 70
49 73
49 96
49 107
49 108
49 110
49 116
49 121
49 127
49 128
49 129
49 130
49 134
49 142
49 145
49 151
49 171
49 172
49 173
49 183
49 184
49 193
49 194
49 195
49 196
49 197
49 198
49 204
49 210
49 264
49 297
49 386
49 389
49 399
49 407
49 416
49 455
50 54
50 58
50 80
50 83
50 86
50 88
50 89
50 92
50 98
50 103
50 108
50 113
50 127
50 128
50 130
50 131
50 135
50 143
50 144
50 152
50 153
50 154
50 167
50 170
50 183
50 184
50 187
50 188
50 196
50 253
50 262
50 271
50 396
51 54
51 58
51 64
51 66
51 67
51 79
51 80
51 81
51 83
51 86
51 89
51 90
51 92
51 94
51 98
51 99
51 103
51 108
51 111
51 112
51 113
51 119
51 131
51 158
51 166
51 178
51 180
51 186
51 189
51 299
51 300
52 53
52 56
52 63
52 66
52 68
52 73
52 75
52 76
52 77
52 78
52 94
52 110
52 132
52 134
52 150
52 168
52 169
52 174
52 176
52 181
52 191
52 287
52 289
52 293
52 294
52 296
52 298
52 303
52 304
52 305
53 63
53 65
53 68
53 71
53 73
53 75
53 76
53 78
53 94
53 114
53 116
53 136
53 142
53 150
53 174
53 177
53 181
53 182
53 185
53 209
53 210
53 287
53 293
53 294
53 296
53 298
53 301
53 303
53 305
54 58
54 59
54 83
54 86
54 88
54 92
54 113
54 115
54 119
54 128
54 131
54 135
54 143
54 144
54 152
54 153
54 158
54 166
54 167
54 170
54 173
54 178
54 180
54 183
54 184
54 187
54 188
54 189
54 207
54 212
54 253
54 441
54 442
54 444
54 464
55 56
55 62
55 64
55 65
55 68
55 72
55 74
55 82
55 90
55 94
55 110
55 119
55 120
55 132
55 141
55 146
55 148
55 166
55 176
55 177
55 190
55 191
55 192
55 287
55 288
55 289
55 300
55 301
55 302
55 306
56 62
56 65
56 66
56 72
56 76
56 77
56 84
56 91
56 94
56 99
56 102
56 106
56 110
56 119
56 120
56 124
56 132
56 140
56 141
56 146
56 148
56 157
56 169
56 176
56 180
56 181
56 289
56 290
56 291
56 299
56 300
56 304
56 305
57 58
57 59
57 67
57 68
57 69
57 70
57 80
57 81
57 86
57 89
57 90
57 92
57 96
57 97
57 108
57 112
57 116
57 119
57 121
57 122
57 129
57 130
57 131
57 132
57 142
57 145
57 158
57 168
57 171
57 172
57 173
57 178
57 179
57 182
57 183
57 185
57 186
57 389
58 65
58 67
58 68
58 70
58 72
58 79
58 80
58 81
58 83
58 86
58 88
58 89
58 90
58 92
58 96
58 98
58 103
58 108
58 111
58 116
58 121
58 122
58 129
58 131
58 132
58 153
58 154
58 158
58 166
58 167
58 168
58 174
58 182
58 183
58 186
58 262
58 271
58 287
59 67
59 71
59 77
59 86
59 87
59 89
59 90
59 97
59 112
59 119
59 123
59 131
59 140
59 148
59 158
59 167
59 176
59 177
59 178
59 179
59 180
59 181
59 189
59 190
59 191
59 288
59 300
59 386
59 387
59 388
59 389
59 390
59 402
60 62
60 77
60 79
60 80
60 82
60 85
60 86
60 91
60 97
60 98
60 101
60 106
60 123
60 124
60 140
60 141
60 146
60 148
60 169
60 179
60 180
60 291
60 388
60 391
60 392
60 393
60 395
60 397
60 398
60 400
60 403
60 405
61 62
61 74
61 80
61 84
61 86
61 87
61 93
61 95
61 99
61 103
61 104
61 106
61 119
61 125
61 126
61 137
61 138
61 146
61 147
61 155
61 157
61 167
61 169
61 175
61 186
61 190
61 388
61 391
61 456
62 67
62 74
62 77
62 80
62 83
62 85
62 86
62 87
62 98
62 99
62 102
62 103
62 106
62 109
62 111
62 117
62 119
62 123
62 124
62 126
62 140
62 141
62 146
62 148
62 154
62 157
62 167
62 169
62 175
62 181
62 189
62 190
62 192
62 289
62 300
62 386
62 388
62 390
63 70
63 71
63 73
63 75
63 76
63 78
63 108
63 114
63 116
63 134
63 136
63 168
63 174
63 182
63 191
63 204
63 205
63 206
63 209
63 287
63 289
63 293
63 294
63 296
63 298
63 303
63 396
64 65
64 74
64 80
64 82
64 83
64 90
64 94
64 98
64 103
64 108
64 111
64 132
64 140
64 154
64 166
64 167
64 175
64 176
64 178
64 186
64 189
64 300
64 306
65 66
65 68
65 70
65 71
65 72
65 73
65 74
65 94
65 96
65 107
65 121
65 124
65 132
65 158
65 166
65 168
65 169
65 174
65 176
65 177
65 183
65 191
65 287
65 299
65 301
65 302
65 306
66 68
66 71
66 72
66 73
66 76
66 77
66 82
66 94
66 99
66 107
66 110
66 142
66 169
66 176
66 181
66 299
66 300
66 302
66 305
67 68
67 69
67 71
67 72
67 77
67 79
67 81
67 90
67 92
67 106
67 108
67 111
67 116
67 118
67 122
67 124
67 134
67 140
67 142
67 176
67 181
67 185
67 186
67 190
67 288
67 300
68 69
68 70
68 71
68 72
68 75
68 76
68 94
68 96
68 108
68 110
68 111
68 116
68 121
68 122
68 129
68 132
68 142
68 145
68 158
68 166
68 171
68 172
68 173
68 174
68 181
68 183
68 185
68 186
68 191
68 287
68 289
68 301
68 302
68 305
69 70
69 90
69 92
69 94
69 96
69 100
69 108
69 111
69 116
69 121
69 122
69 127
69 128
69 129
69 130
69 134
69 142
69 145
69 151
69 166
69 171
69 172
69 173
69 183
69 184
69 185
69 186
69 193
69 194
69 195
69 196
69 197
69 198
69 203
69 204
69 210
69 297
69 386
69 389
69 407
69 416
69 455
70 72
70 75
70 78
70 96
70 100
70 108
70 114
70 116
70 121
70 128
70 129
70 130
70 132
70 134
70 142
70 145
70 158
70 171
70 172
70 173
70 174
70 183
70 203
70 204
70 205
70 206
70 207
70 209
70 210
70 287
70 297
70 386
70 389
70 407
70 416
70 455
71 72
71 75
71 76
71 90
71 94
71 107
71 110
71 111
71 122
71 123
71 124
71 132
71 133
71 134
71 142
71 148
71 169
71 176
71 177
71 181
71 182
71 191
71 206
71 289
71 300
71 301
71 302
72 73
72 76
72 90
72 96
72 107
72 110
72 111
72 121
72 122
72 123
72 130
72 132
72 133
72 134
72 137
72 142
72 148
72 150
72 158
72 166
72 168
72 169
72 174
72 176
72 177
72 181
72 183
72 191
72 206
72 210
72 287
72 288
72 289
72 301
72 302
72 304
73 75
73 77
73 78
73 82
73 99
73 107
73 108
73 110
73 114
73 116
73 122
73 130
73 134
73 136
73 142
73 168
73 174
73 177
73 191
73 209
73 287
73 293
73 294
73 296
73 298
73 299
73 302
73 303
73 396
74 79
74 80
74 85
74 86
74 87
74 93
74 99
74 101
74 104
74 105
74 106
74 112
74 118
74 119
74 120
74 124
74 132
74 140
74 146
74 149
74 167
74 169
74 175
74 176
74 186
74 190
74 211
74 213
74 291
74 300
74 306
74 388
74 391
74 392
74 393
74 394
74 395
74 398
74 401
74 402
74 403
74 405
75 76
75 78
75 100
75 107
75 114
75 116
75 122
75 128
75 129
75 133
75 134
75 136
75 142
75 150
75 162
75 168
75 171
75 172
75 174
75 185
75 191
75 203
75 204
75 206
75 207
75 209
75 210
75 287
75 293
75 294
75 296
75 297
75 298
75 303
76 77
76 94
76 100
76 107
76 110
76 111
76 114
76 133
76 134
76 150
76 168
76 181
76 185
76 191
76 206
76 210
76 305
77 79
77 80
77 81
77 82
77 90
77 91
77 94
77 102
77 106
77 107
77 110
77 118
77 124
77 140
77 141
77 142
77 146
77 148
77 157
77 169
77 176
77 177
77 181
77 190
77 191
77 288
77 299
77 300
77 302
77 305
77 388
78 114
78 116
78 128
78 134
78 136
78 142
78 150
78 162
78 168
78 174
78 191
78 203
78 206
78 207
78 209
78 210
78 287
78 293
78 294
78 296
78 297
78 298
78 303
79 80
79 81
79 82
79 90
79 108
79 111
79 119
79 124
79 140
79 148
79 157
79 158
79 167
79 176
79 186
79 388
80 81
80 82
80 83
80 86
80 87
80 89
80 92
80 98
80 103
80 111
80 119
80 148
80 157
80 175
80 186
80 189
80 190
80 388
81 86
81 88
81 89
81 92
81 98
81 103
81 106
81 111
81 112
81 118
81 119
81 131
81 141
81 146
81 154
81 169
81 176
81 178
81 181
81 186
81 189
81 289
81 290
81 300
81 388
81 389
82 99
82 107
82 118
82 119
82 142
82 148
82 157
82 175
82 176
82 177
82 190
82 191
82 299
82 300
82 302
82 388
83 85
83 86
83 88
83 89
83 92
83 97
83 98
83 103
83 105
83 109
83 111
83 112
83 113
83 117
83 120
83 131
83 154
83 158
83 166
83 167
83 175
83 179
83 180
83 188
83 189
83 190
83 386
83 388
83 389
83 390
83 397
83 406
83 407
84 91
84 102
84 103
84 104
84 106
84 120
84 124
84 125
84 126
84 148
84 179
84 290
85 86
85 87
85 97
85 99
85 104
85 105
85 106
85 109
85 117
85 118
85 123
85 124
85 140
85 148
85 157
85 158
85 169
85 175
85 179
85 189
85 291
85 386
85 387
85 388
85 389
85 390
85 391
85 392
85 393
85 395
85 398
85 400
85 402
85 405
86 87
86 88
86 89
86 92
86 97
86 98
86 99
86 101
86 103
86 104
86 106
86 108
86 112
86 118
86 119
86 131
86 146
86 153
86 154
86 158
86 167
86 169
86 175
86 178
86 179
86 180
86 189
86 190
86 207
86 262
86 271
86 291
86 388
86 389
86 391
86 395
86 402
87 93
87 97
87 99
87 101
87 104
87 105
87 106
87 112
87 118
87 120
87 146
87 149
87 158
87 167
87 169
87 175
87 178
87 179
87 189
87 190
87 211
87 213
87 291
87 388
87 389
87 391
87 392
87 393
87 394
87 395
87 398
87 401
87 402
87 403
87 405
87 455
88 89
88 92
88 98
88 108
88 113
88 131
88 144
88 152
88 154
88 167
88 170
88 184
88 188
88 387
88 396
88 399
88 406
88 408
88 409
88 414
88 418
88 421
88 423
88 425
88 426
88 432
88 434
88 436
88 437
88 441
88 442
89 92
89 98
89 103
89 111
89 112
89 119
89 131
89 153
89 154
89 189
89 262
89 271
89 389
89 399
89 406
89 425
89 432
89 441
90 92
90 116
90 123
90 129
90 132
90 140
90 168
90 169
90 176
90 177
90 181
90 182
90 186
90 188
90 190
90 191
90 288
90 289
90 300
91 102
91 120
91 123
91 124
91 125
91 140
91 141
91 148
91 157
91 179
91 180
91 291
92 98
92 103
92 108
92 119
92 129
92 131
92 153
92 154
92 180
92 186
92 189
92 207
92 262
92 271
93 97
93 99
93 101
93 104
93 105
93 106
93 112
93 118
93 120
93 125
93 147
93 149
93 155
93 157
93 211
93 213
93 227
93 291
93 392
93 393
93 394
93 395
93 398
93 401
93 402
93 403
93 405
93 455
93 456
94 99
94 110
94 132
94 166
94 167
94 177
94 178
94 181
94 186
94 191
94 289
94 299
94 301
94 302
94 305
95 112
95 118
95 120
95 125
95 126
95 137
95 138
95 147
95 155
95 157
95 211
95 391
95 456
96 100
96 108
96 116
96 121
96 127
96 128
96 129
96 130
96 132
96 134
96 142
96 145
96 151
96 158
96 171
96 172
96 173
96 174
96 183
96 184
96 193
96 194
96 195
96 196
96 197
96 203
96 204
96 210
96 287
96 297
96 386
96 389
96 407
96 416
96 455
97 98
97 101
97 109
97 112
97 118
97 149
97 158
97 167
97 178
97 179
97 189
97 190
97 386
97 388
97 389
97 390
97 393
97 395
97 397
97 398
97 400
97 403
97 405
97 455
97 456
98 103
98 105
98 109
98 111
98 112
98 117
98 153
98 154
98 158
98 175
98 189
98 262
98 271
98 388
98 393
98 395
98 397
98 400
98 403
98 405
98 406
99 101
99 104
99 106
99 118
99 146
99 149
99 167
99 169
99 175
99 180
99 211
99 213
99 289
99 291
99 299
99 304
99 391
99 392
99 393
99 394
99 395
99 398
99 401
99 402
99 405
100 107
100 114
100 121
100 127
100 128
100 133
100 134
100 145
100 150
100 173
100 184
100 185
100 194
100 195
100 196
100 197
100 199
100 203
100 204
100 206
100 210
100 297
101 104
101 105
101 106
101 112
101 118
101 120
101 149
101 179
101 211
101 213
101 291
101 391
101 392
101 393
101 394
101 395
101 398
101 401
101 402
101 403
101 405
101 455
102 119
102 124
102 140
102 141
102 146
102 148
102 169
102 290
102 388
103 104
103 106
103 108
103 111
103 117
103 126
103 154
103 167
103 175
103 179
103 189
103 290
103 386
103 390
104 105
104 106
104 112
104 118
104 120
104 126
104 149
104 169
104 211
104 213
104 290
104 291
104 391
104 392
104 393
104 394
104 395
104 398
104 401
104 402
104 403
104 405
104 455
105 106
105 109
105 112
105 117
105 120
105 149
105 158
105 189
105 211
105 213
105 255
105 386
105 387
105 388
105 389
105 390
105 392
105 394
105 397
105 398
105 401
105 402
105 406
105 455
106 112
106 117
106 118
106 119
106 120
106 123
106 124
106 126
106 140
106 148
106 149
106 157
106 169
106 175
106 179
106 181
106 190
106 192
106 211
106 213
106 255
106 289
106 291
106 300
106 391
106 392
106 393
106 394
106 395
106 398
106 401
106 402
106 403
106 405
106 455
107 110
107 111
107 114
107 122
107 124
107 130
107 133
107 134
107 137
107 142
107 150
107 168
107 169
107 174
107 176
107 177
107 185
107 191
107 206
107 210
107 287
107 302
108 111
108 113
108 114
108 116
108 119
108 121
108 122
108 129
108 130
108 131
108 134
108 136
108 142
108 145
108 158
108 171
108 172
108 173
108 180
108 183
108 185
108 186
108 396
109 111
109 112
109 117
109 158
109 167
109 175
109 179
109 189
109 190
109 386
109 387
109 388
109 389
109 390
109 398
109 402
109 406
109 407
109 455
110 132
110 142
110 166
110 177
110 181
110 191
110 289
110 302
110 305
111 112
111 116
111 117
111 122
111 133
111 134
111 142
111 150
111 154
111 158
111 175
111 185
111 186
111 189
111 206
111 210
111 388
112 117
112 118
112 119
112 120
112 131
112 137
112 138
112 149
112 158
112 167
112 178
112 179
112 180
112 189
112 190
112 211
112 213
112 386
112 388
112 389
112 390
112 392
112 394
112 397
112 398
112 401
112 406
113 115
113 119
113 128
113 131
113 135
113 143
113 144
113 152
113 167
113 170
113 173
113 180
113 183
113 184
113 187
113 188
113 253
113 396
113 442
113 444
114 116
114 122
114 129
114 133
114 136
114 142
114 150
114 162
114 171
114 172
114 174
114 185
114 195
114 206
114 207
114 209
114 210
114 287
114 296
114 297
114 298
114 303
114 396
115 135
115 152
115 153
115 170
115 173
115 183
115 187
115 212
115 399
115 437
115 441
115 442
115 443
115 444
115 464
115 466
115 467
115 468
115 485
116 121
116 122
116 129
116 130
116 132
116 134
116 136
116 142
116 145
116 150
116 158
116 168
116 171
116 172
116 173
116 174
116 182
116 183
116 185
116 188
116 209
116 210
116 287
116 296
116 298
116 303
116 396
117 119
117 123
117 124
117 126
117 140
117 148
117 154
117 157
117 167
117 175
117 189
117 386
117 387
117 388
117 389
117 390
117 398
117 402
118 123
118 137
118 138
118 149
118 169
118 175
118 181
118 211
118 213
118 291
118 300
118 391
118 392
118 393
118 394
118 395
118 398
118 401
118 402
118 405
119 124
119 131
119 140
119 141
119 146
119 148
119 157
119 158
119 175
119 176
119 180
119 186
119 189
119 190
119 290
119 388
119 389
120 124
120 137
120 138
120 140
120 141
120 146
120 148
120 149
120 157
120 158
120 177
120 179
120 211
120 213
120 290
120 392
120 394
120 397
120 401
120 406
120 407
121 127
121 128
121 129
121 130
121 132
121 134
121 142
121 145
121 158
121 171
121 172
121 173
121 174
121 183
121 184
121 194
121 196
121 203
121 204
121 210
121 287
121 297
121 386
121 389
121 399
121 407
121 416
121 455
122 129
122 130
122 132
122 134
122 137
122 142
122 145
122 150
122 158
122 168
122 171
122 172
122 173
122 182
122 185
122 186
122 191
122 210
122 287
123 124
123 140
123 141
123 148
123 169
123 177
123 180
123 181
123 190
123 288
124 140
124 141
124 142
124 146
124 148
124 157
124 169
124 176
124 180
124 300
124 306
125 126
125 137
125 138
125 147
125 148
125 155
125 157
125 179
125 391
126 137
126 138
126 147
126 154
126 155
126 157
126 167
126 391
126 456
127 128
127 130
127 134
127 145
127 159
127 160
127 161
127 162
127 171
127 172
127 184
127 193
127 194
127 195
127 196
127 197
127 198
127 199
127 200
127 203
127 204
127 205
127 210
127 399
128 129
128 130
128 131
128 134
128 135
128 143
128 144
128 145
128 152
128 162
128 170
128 171
128 172
128 173
128 183
128 184
128 187
128 194
128 196
128 203
128 204
128 207
128 210
128 233
128 253
128 257
128 260
128 264
128 297
128 399
129 130
129 132
129 133
129 134
129 142
129 145
129 158
129 162
129 168
129 171
129 172
129 173
129 182
129 183
129 186
129 195
129 203
129 204
129 206
129 207
129 210
129 297
129 386
129 389
129 407
129 416
129 455
130 131
130 134
130 142
130 143
130 144
130 145
130 168
130 171
130 172
130 173
130 183
130 184
130 187
130 191
130 196
130 287
130 386
130 389
130 407
130 416
130 455
131 135
131 143
131 144
131 152
131 158
131 166
131 167
131 170
131 178
131 180
131 183
131 184
131 187
131 188
131 189
131 253
131 389
132 158
132 166
132 168
132 174
132 176
132 177
132 181
132 182
132 183
132 188
132 191
132 287
132 289
132 301
132 302
132 304
133 134
133 150
133 162
133 168
133 171
133 172
133 185
133 191
133 195
133 206
133 207
133 210
134 142
134 145
134 151
134 168
134 171
134 172
134 173
134 183
134 184
134 185
134 191
134 193
134 194
134 195
134 196
134 197
134 198
134 203
134 204
134 206
134 210
134 293
134 294
134 296
134 297
134 298
134 303
134 386
134 389
134 399
134 407
134 416
134 455
135 143
135 144
135 152
135 170
135 173
135 183
135 184
135 187
135 253
135 442
135 444
136 142
136 150
136 174
136 181
136 185
136 209
136 210
136 287
136 296
136 298
136 303
136 396
137 138
137 147
137 155
137 157
137 191
137 211
137 391
137 404
137 456
138 147
138 155
138 157
138 211
138 391
138 456
139 151
139 198
139 199
139 201
139 202
139 394
139 454
139 457
139 499
139 516
140 141
140 146
140 148
140 157
140 169
140 176
140 177
140 180
140 190
140 191
140 288
140 300
140 524
141 146
141 148
141 157
141 169
141 180
141 290
141 388
142 145
142 150
142 169
142 171
142 172
142 173
142 174
142 176
142 177
142 183
142 185
142 191
142 209
142 210
142 287
142 296
142 298
142 302
142 303
143 144
143 152
143 170
143 183
143 184
143 187
144 152
144 167
144 170
144 183
144 184
144 187
144 188
144 253
145 171
145 172
145 173
145 183
145 184
145 185
145 194
145 195
145 196
145 197
145 198
145 199
145 203
145 210
145 264
145 386
145 389
145 399
145 407
145 416
145 455
146 157
146 167
146 169
146 175
146 176
146 180
146 290
146 388
147 155
147 157
147 391
147 456
148 157
148 177
148 179
148 181
148 190
148 192
148 289
148 300
148 388
149 211
149 213
149 291
149 392
149 393
149 394
149 395
149 398
149 401
149 402
149 403
149 405
149 455
150 174
150 185
150 206
150 210
150 296
150 303
151 159
151 160
151 162
151 163
151 164
151 165
151 193
151 194
151 195
151 197
151 198
151 199
151 201
151 202
151 203
151 204
151 399
152 167
152 170
152 173
152 183
152 184
152 187
152 188
152 212
152 253
152 399
152 442
152 444
152 464
153 154
153 183
153 187
153 212
153 262
153 271
153 399
153 441
153 442
153 464
154 167
154 175
154 262
154 271
154 386
154 390
155 157
155 391
155 456
155 512
156 172
156 279
157 179
157 180
157 388
157 391
158 167
158 168
158 174
158 178
158 179
158 182
158 183
158 189
158 190
158 287
158 386
158 387
158 388
158 389
158 390
158 397
158 398
158 402
158 406
158 407
159 160
159 161
159 162
159 163
159 164
159 165
159 171
159 172
159 199
159 200
159 201
159 205
160 161
160 162
160 163
160 164
160 165
160 171
160 172
160 174
160 199
160 200
160 201
160 347
160 350
160 358
160 481
161 162
161 171
161 172
161 199
161 200
161 205
161 208
161 231
161 417
162 163
162 164
162 165
162 171
162 172
162 195
162 199
162 200
162 201
162 205
162 207
162 439
163 164
163 165
163 198
163 200
163 201
163 202
163 212
163 392
163 455
163 466
163 511
163 517
164 165
164 198
164 200
164 201
164 202
164 212
165 198
165 200
165 201
165 202
165 212
165 453
165 464
165 468
165 504
165 508
166 167
166 174
166 178
166 186
166 188
166 191
166 287
166 289
166 301
166 302
167 169
167 175
167 178
167 179
167 184
167 186
167 188
167 189
167 190
167 291
167 292
167 386
167 387
167 389
167 390
167 391
167 392
167 400
167 402
168 174
168 182
168 188
168 191
168 206
168 287
168 293
168 294
168 296
168 298
168 303
169 175
169 176
169 179
169 180
169 181
169 289
169 291
169 292
169 300
169 302
169 387
169 391
169 392
169 393
169 395
169 398
169 400
169 402
169 405
170 173
170 183
170 184
170 187
170 253
170 442
170 444
170 468
171 172
171 173
171 183
171 191
171 195
171 199
171 200
171 203
171 204
171 205
171 206
171 207
171 210
171 297
171 386
171 389
171 407
171 416
171 439
171 455
172 173
172 183
172 185
172 191
172 195
172 199
172 200
172 203
172 204
172 205
172 206
172 207
172 208
172 253
172 261
172 262
172 270
172 297
172 336
172 386
172 389
172 407
172 416
172 455
173 183
173 184
173 191
173 194
173 203
173 204
173 210
173 212
173 297
173 386
173 389
173 399
173 407
173 416
173 437
173 442
173 443
173 444
173 455
173 465
173 466
173 467
173 468
173 485
174 183
174 191
174 209
174 210
174 287
174 293
174 294
174 295
174 296
174 298
174 302
174 303
174 319
174 338
174 343
174 344
174 345
174 346
174 347
174 348
174 349
174 350
174 352
174 358
174 481
175 186
175 189
175 190
175 388
176 177
176 180
176 181
176 186
176 190
176 191
176 288
176 289
176 300
176 304
176 306
176 386
176 390
177 181
177 190
177 191
177 192
177 288
177 289
177 300
177 301
177 302
178 179
178 180
178 186
178 189
178 190
178 386
178 387
178 388
178 389
178 390
178 402
179 189
179 190
179 291
179 386
179 387
179 388
179 389
179 390
179 391
179 392
179 393
179 395
179 398
179 402
179 405
180 189
180 207
181 289
181 300
181 304
181 305
182 188
183 184
183 187
183 212
183 287
183 386
183 389
183 399
183 407
183 416
183 441
183 442
183 455
183 464
184 187
184 188
184 193
184 194
184 195
184 196
184 197
184 199
184 203
184 204
184 210
184 233
184 253
184 257
184 260
184 264
184 297
184 399
185 186
185 206
185 209
185 210
186 190
186 388
187 212
187 441
187 442
187 464
189 190
189 386
189 387
189 388
189 389
189 390
189 398
189 402
190 191
190 192
190 288
190 300
190 386
190 388
190 389
190 390
190 482
190 483
190 484
191 206
191 287
191 288
191 289
191 293
191 294
191 296
191 298
191 300
191 301
191 302
191 303
192 300
193 194
193 197
193 198
193 204
194 195
194 196
194 197
194 198
194 199
194 203
194 204
194 210
194 297
194 399
195 196
195 197
195 198
195 199
195 203
195 204
195 207
195 210
195 297
195 399
196 197
196 198
196 203
196 204
196 210
196 297
196 399
197 198
197 203
197 204
197 297
198 199
198 201
198 202
198 203
198 204
198 212
198 297
198 399
198 464
199 200
199 201
199 202
199 205
199 399
200 201
200 205
201 202
202 212
202 392
202 455
202 466
202 511
202 517
203 204
203 206
203 207
203 210
203 297
204 205
204 206
204 207
204 209
204 210
204 297
204 399
205 206
205 209
206 207
206 209
206 210
206 297
207 297
208 253
208 261
208 262
208 336
209 210
209 287
209 296
209 298
209 303
210 287
210 296
210 297
210 298
210 303
210 399
211 213
211 291
211 292
211 392
211 393
211 394
211 395
211 398
211 401
211 402
211 403
211 405
212 399
212 441
212 442
212 464
213 255
213 291
213 392
213 393
213 394
213 395
213 398
213 401
213 402
213 403
213 405
213 455
214 215
214 216
214 218
214 289
214 291
214 292
214 307
214 308
214 310
214 312
214 315
214 316
214 317
214 318
214 377
214 378
214 379
215 216
215 289
215 309
215 311
215 312
215 314
215 315
215 316
215 317
215 318
215 359
215 362
215 374
215 375
215 377
215 379
216 218
216 289
216 291
216 292
216 307
216 308
216 310
216 312
216 315
216 316
216 317
216 318
216 377
216 378
216 379
217 224
217 244
217 318
217 377
218 224
218 291
218 292
219 221
219 243
219 318
219 377
219 379
220 222
220 223
220 224
220 234
220 523
221 318
221 377
222 223
222 224
222 244
222 245
222 274
222 310
222 315
222 431
222 435
223 224
224 243
224 521
225 226
227 228
227 229
227 230
227 245
227 282
227 287
227 288
227 292
227 319
227 323
227 357
227 377
227 512
228 229
228 230
228 245
228 292
229 230
229 245
229 292
230 245
230 258
230 292
230 335
231 232
231 233
231 417
232 233
233 234
233 257
233 260
233 264
233 315
234 235
234 236
234 238
234 257
234 261
234 288
234 315
234 339
234 344
234 355
234 356
234 404
234 492
234 496
234 524
235 236
235 238
235 315
236 238
236 315
237 239
237 240
237 311
237 316
237 317
238 315
239 240
239 309
239 311
239 316
239 317
240 311
240 316
240 317
241 242
241 339
241 346
241 359
242 312
242 313
242 339
242 346
242 350
242 359
243 291
244 245
244 315
244 474
245 292
245 315
246 247
246 248
246 249
246 250
246 257
246 261
246 337
246 348
247 248
247 249
247 250
247 337
247 348
248 249
248 250
248 251
248 263
248 264
248 336
248 337
248 348
249 250
249 337
249 348
250 337
250 348
250 373
251 252
251 253
251 254
251 255
251 258
251 280
251 336
251 351
252 253
252 254
252 255
252 280
252 336
253 254
253 255
253 261
253 262
253 264
253 280
253 336
254 255
254 256
254 257
254 258
254 280
254 335
254 336
255 280
255 336
255 392
255 455
256 257
256 258
256 280
256 333
256 335
256 336
256 373
257 258
257 260
257 261
257 264
257 280
257 315
257 355
257 471
257 472
257 473
257 524
258 280
258 335
258 351
258 355
258 517
258 520
259 320
260 261
260 262
260 264
260 332
261 262
261 315
261 332
261 333
261 355
261 417
261 524
262 271
262 332
262 333
262 433
262 434
263 264
263 265
263 266
264 265
264 266
264 272
264 274
264 275
264 276
264 332
264 333
264 334
264 336
264 394
264 457
265 266
265 269
265 272
265 273
265 274
265 275
265 328
265 329
265 331
265 332
265 333
265 334
265 416
266 269
266 270
266 271
266 332
266 333
266 334
267 268
267 269
267 322
268 269
268 322
269 270
269 271
269 274
269 322
269 328
269 331
269 391
269 456
270 271
270 329
270 331
271 325
271 326
271 327
271 329
271 331
271 338
271 354
272 273
272 274
272 275
272 276
272 328
272 329
273 274
273 275
273 328
273 329
274 275
274 276
274 310
274 328
274 329
274 331
274 391
274 456
275 276
275 277
275 278
275 279
275 325
275 328
275 329
276 277
276 278
276 279
276 325
276 483
277 278
277 279
277 338
278 279
278 325
280 335
280 336
281 282
283 284
283 295
283 303
284 295
284 296
284 297
284 303
285 300
286 305
286 339
286 340
286 356
286 362
286 363
286 366
286 381
286 382
286 384
286 385
287 288
287 289
287 293
287 294
287 296
287 298
287 301
287 302
287 303
287 319
287 320
287 322
287 323
287 324
287 325
287 326
287 327
287 328
287 330
287 331
287 332
287 333
287 334
287 335
287 336
287 337
287 357
287 367
287 368
287 369
287 370
287 371
287 372
287 373
288 289
288 290
288 298
288 300
288 304
288 306
288 309
288 310
288 311
288 313
288 319
288 320
288 321
288 322
288 323
288 324
288 325
288 326
288 327
288 328
288 331
288 332
288 333
288 334
288 335
288 336
288 337
288 339
288 340
288 341
288 342
288 343
288 344
288 352
288 356
288 357
288 358
288 362
288 363
288 364
288 365
288 366
288 367
288 368
288 369
288 370
288 372
288 373
288 380
288 381
288 383
288 384
289 290
289 291
289 300
289 301
289 302
289 304
289 307
289 310
289 312
289 315
289 318
289 375
289 377
289 379
290 291
290 304
290 306
290 310
290 311
290 340
290 342
290 363
290 380
290 381
290 382
290 383
290 384
290 388
291 292
291 307
291 308
291 315
291 317
291 318
291 374
291 376
291 377
291 378
291 387
291 391
291 392
291 393
291 394
291 395
291 398
291 400
291 401
291 402
291 405
292 387
292 391
292 392
292 400
292 403
293 294
293 296
293 298
293 303
293 327
293 328
293 331
293 333
293 334
293 335
294 295
294 296
294 298
294 303
294 344
294 345
294 347
295 296
295 297
295 303
295 319
295 323
295 338
295 343
295 344
295 345
295 346
295 347
295 348
295 349
295 352
295 353
295 481
296 297
296 298
296 303
297 303
297 399
298 303
298 320
298 321
298 322
298 323
298 324
298 325
298 326
298 327
298 328
298 331
298 332
298 333
298 334
298 335
298 336
298 337
298 367
298 368
298 369
298 370
298 371
298 373
299 305
299 365
299 383
299 385
301 302
301 305
301 309
301 313
301 339
301 340
301 341
301 356
301 362
301 363
301 365
301 380
301 381
301 382
301 383
302 311
302 342
302 380
302 384
304 306
304 310
304 311
304 340
304 342
304 361
304 363
304 380
304 381
304 382
304 384
304 385
305 309
305 313
305 339
305 340
305 341
305 356
305 362
305 363
305 366
305 380
305 381
305 382
305 383
305 384
305 385
306 310
306 311
306 342
306 361
306 363
306 364
306 366
306 380
306 381
306 383
306 384
307 308
307 310
307 315
307 316
307 317
307 318
307 374
307 375
307 376
307 377
307 378
308 310
308 315
308 316
308 317
308 318
308 374
308 377
308 378
309 312
309 313
309 316
309 339
309 340
309 341
309 356
309 359
309 360
309 361
309 362
309 363
309 364
309 365
309 380
309 381
309 382
309 383
309 384
310 311
310 314
310 316
310 342
310 361
310 363
310 374
310 375
310 376
310 378
310 380
310 381
310 382
310 384
311 316
311 317
311 342
311 361
311 363
311 375
311 380
311 381
311 382
311 384
312 313
312 315
312 316
312 318
312 319
312 339
312 342
312 344
312 346
312 350
312 359
312 360
312 361
312 362
312 364
312 365
312 374
312 375
312 377
312 379
313 319
313 339
313 340
313 341
313 342
313 344
313 346
313 350
313 356
313 359
313 360
313 361
313 362
313 363
313 364
313 365
313 380
313 381
313 382
313 383
314 315
314 316
314 317
314 374
314 376
314 378
315 316
315 317
315 318
315 355
315 374
315 375
315 377
315 378
315 379
315 524
316 317
316 318
316 374
316 375
316 377
316 378
317 318
317 377
317 378
318 374
318 375
318 377
318 378
318 379
319 323
319 339
319 343
319 344
319 345
319 346
319 347
319 348
319 349
319 350
319 351
319 353
319 354
319 355
319 357
319 364
319 367
320 321
320 322
320 328
320 330
320 331
320 332
320 335
320 336
320 368
320 369
320 370
320 373
321 323
321 324
321 325
321 326
321 327
321 328
321 330
321 331
321 333
321 334
321 335
321 336
321 367
321 368
321 369
321 370
321 371
321 373
322 328
322 330
322 331
322 332
322 334
322 335
322 367
322 368
322 369
322 370
322 371
322 372
323 324
323 325
323 326
323 327
323 328
323 330
323 331
323 332
323 333
323 334
323 335
323 336
323 337
323 338
323 343
323 344
323 345
323 346
323 347
323 348
323 349
323 350
323 351
323 352
323 356
323 357
323 367
323 368
323 369
323 370
323 371
323 373
324 325
324 326
324 327
324 328
324 330
324 331
324 332
324 333
324 334
324 335
324 336
324 337
324 367
324 368
324 369
324 370
324 371
324 373
325 326
325 327
325 328
325 329
325 330
325 331
325 332
325 333
325 334
325 335
325 336
325 337
325 338
325 354
325 367
325 369
325 370
325 373
326 327
326 328
326 329
326 330
326 331
326 332
326 333
326 334
326 335
326 336
326 337
326 338
326 354
326 367
326 369
326 370
326 373
327 328
327 329
327 331
327 332
327 333
327 334
327 335
327 336
327 337
327 338
327 354
327 367
327 370
327 373
327 518
328 329
328 331
328 332
328 333
328 334
328 335
328 336
328 337
328 367
328 370
328 373
329 338
329 354
330 332
330 334
330 337
330 367
330 368
330 369
330 370
330 371
331 332
331 333
331 334
331 335
331 336
331 337
331 367
331 370
331 373
331 391
331 456
332 333
332 334
332 335
332 336
332 337
332 367
332 368
332 369
332 370
332 371
332 373
333 334
333 335
333 336
333 337
333 367
333 369
333 370
333 371
333 372
333 373
334 335
334 336
334 337
334 367
334 368
334 369
334 370
334 371
334 372
334 373
335 336
335 337
335 367
335 368
335 369
335 370
335 371
335 372
335 373
336 337
336 367
336 369
336 370
336 371
336 373
337 348
337 367
337 369
337 370
337 373
338 345
338 346
338 347
338 352
338 353
338 354
338 355
338 481
339 343
339 344
339 346
339 350
339 356
339 358
339 359
339 362
339 363
339 364
339 365
339 366
339 382
339 383
339 384
339 385
340 341
340 356
340 361
340 362
340 363
340 365
340 366
340 380
340 381
340 382
340 383
340 384
340 385
341 356
341 362
341 363
341 365
341 366
341 380
341 381
341 382
341 383
341 384
341 385
342 344
342 350
342 360
342 361
342 363
342 365
342 380
342 381
342 382
342 384
343 344
343 345
343 346
343 347
343 348
343 349
343 350
343 351
343 352
343 353
343 356
343 357
343 358
343 359
344 345
344 346
344 347
344 348
344 349
344 350
344 351
344 352
344 353
344 356
344 357
344 360
344 361
344 364
344 365
345 346
345 347
345 348
345 349
345 350
345 351
345 352
345 353
345 356
345 357
345 358
346 347
346 348
346 349
346 350
346 351
346 352
346 353
346 357
346 358
346 359
346 364
346 367
346 481
347 348
347 349
347 350
347 351
347 352
347 353
347 356
347 357
347 358
347 481
348 349
348 350
348 352
348 353
348 357
348 358
349 351
349 352
349 356
349 358
350 351
350 352
350 353
350 357
350 358
350 359
350 360
350 364
350 365
350 481
351 353
351 356
351 357
352 353
352 356
352 358
353 357
353 367
354 355
354 357
354 367
355 357
355 367
355 369
355 524
356 358
356 362
356 363
356 364
356 365
356 366
356 380
356 381
356 382
356 383
357 358
357 369
358 359
358 481
359 360
359 362
359 365
360 361
360 362
360 364
360 365
361 362
361 363
361 364
361 365
361 366
361 381
361 385
362 363
362 364
362 365
362 366
362 380
362 381
362 382
362 383
362 385
363 365
363 366
363 380
363 381
363 382
363 383
363 384
363 385
364 365
364 366
364 383
365 383
365 385
366 380
366 381
366 382
366 383
366 384
366 385
367 368
367 369
367 370
367 371
367 372
367 373
368 369
368 370
368 371
368 372
369 370
369 371
369 372
369 373
370 371
370 373
371 373
373 516
374 375
374 376
374 377
374 378
374 379
375 377
375 378
375 384
377 378
377 379
380 381
380 382
380 384
381 382
381 384
382 383
382 384
382 385
383 385
384 385
386 387
386 388
386 389
386 390
386 398
386 402
386 407
386 408
386 409
386 412
386 414
386 416
386 418
386 420
386 421
386 423
386 432
386 435
386 441
386 442
386 446
386 455
387 388
387 389
387 390
387 391
387 392
387 398
387 399
387 400
387 402
387 406
387 408
387 409
387 412
387 414
387 420
387 421
387 423
387 425
387 426
387 432
387 434
387 436
387 437
387 441
387 442
388 389
388 390
388 398
388 402
388 406
388 421
389 390
389 397
389 398
389 402
389 407
389 409
389 411
389 413
389 415
389 416
389 421
389 424
389 430
389 445
389 448
389 455
389 456
389 457
389 458
390 398
390 402
390 416
391 392
391 395
391 400
391 402
391 404
391 456
391 460
391 517
391 520
391 521
391 522
391 523
391 524
392 393
392 394
392 395
392 398
392 400
392 401
392 402
392 403
392 405
392 455
392 458
392 459
392 466
392 510
392 511
392 512
392 513
392 514
392 515
392 517
393 394
393 395
393 397
393 398
393 400
393 401
393 402
393 403
393 405
393 407
393 409
393 413
393 419
393 421
393 423
393 457
393 458
393 460
393 461
394 395
394 398
394 400
394 401
394 402
394 403
394 404
394 405
394 450
394 454
394 455
394 457
394 459
394 460
394 463
394 474
394 475
394 490
394 495
394 497
394 498
394 499
394 500
394 501
394 502
394 503
394 504
394 505
394 506
394 507
394 508
394 509
394 516
394 525
395 397
395 398
395 400
395 401
395 402
395 403
395 405
395 408
395 409
395 413
395 421
395 423
395 446
395 447
395 449
395 457
395 458
397 400
397 403
397 405
397 406
397 407
397 409
397 411
397 413
397 414
397 415
397 418
397 419
397 421
397 423
397 428
397 430
397 438
397 445
397 448
398 400
398 401
398 402
398 403
398 405
398 406
398 410
398 412
398 418
398 420
398 421
398 422
398 423
398 425
398 426
398 428
398 430
398 432
398 433
398 435
398 438
398 441
398 442
399 408
399 409
399 414
399 426
399 432
399 434
399 436
399 437
399 441
399 442
399 453
399 464
400 401
400 403
400 405
400 409
400 413
400 421
400 423
400 448
400 457
400 459
400 460
400 463
400 490
401 402
401 403
401 405
401 423
401 448
401 455
401 458
402 405
402 416
403 405
403 408
403 409
403 410
403 411
403 412
403 413
403 414
403 415
403 416
403 418
403 419
403 420
403 422
403 423
403 424
403 425
403 426
403 427
403 428
403 430
403 432
403 433
403 435
403 438
403 441
403 442
403 445
403 446
404 455
404 456
404 457
404 459
404 460
404 463
404 492
404 496
404 516
404 517
404 518
404 519
404 526
405 409
405 413
405 418
405 421
405 423
405 430
405 448
405 453
405 456
405 459
405 461
406 407
406 408
406 418
406 421
406 423
406 425
406 432
406 438
406 441
406 455
407 408
407 411
407 414
407 415
407 416
407 418
407 419
407 424
407 426
407 430
407 438
407 445
407 446
407 447
407 448
407 449
407 455
407 456
407 457
407 458
407 460
408 409
408 410
408 411
408 412
408 414
408 415
408 419
408 420
408 421
408 422
408 423
408 424
408 425
408 426
408 432
408 434
408 436
408 437
408 438
408 441
408 442
408 445
408 446
408 447
408 448
408 449
408 456
408 457
408 458
409 412
409 413
409 414
409 416
409 418
409 419
409 421
409 422
409 423
409 424
409 425
409 426
409 428
409 430
409 432
409 434
409 435
409 436
409 437
409 438
409 441
409 442
409 446
409 448
409 455
409 456
409 457
409 458
410 412
410 416
410 419
410 420
410 422
410 423
410 425
410 426
410 427
410 428
410 429
410 430
410 432
410 435
410 438
410 439
410 440
410 442
410 445
411 414
411 415
411 418
411 423
411 430
411 445
411 446
411 448
411 456
411 457
411 458
412 414
412 416
412 418
412 419
412 420
412 422
412 423
412 425
412 426
412 427
412 428
412 429
412 430
412 432
412 433
412 435
412 440
412 441
412 442
412 446
413 421
413 423
413 424
413 430
413 448
413 455
413 456
413 457
413 458
414 415
414 417
414 419
414 420
414 423
414 424
414 426
414 428
414 430
414 432
414 433
414 434
414 435
414 436
414 437
414 438
414 441
414 442
414 445
414 446
414 456
414 457
414 458
415 418
415 423
415 430
415 445
415 446
415 448
415 456
415 457
415 458
416 418
416 419
416 421
416 422
416 425
416 426
416 428
416 430
416 438
416 439
416 446
416 455
417 433
417 436
417 437
417 471
417 472
417 473
418 419
418 420
418 421
418 422
418 423
418 424
418 425
418 426
418 428
418 430
418 432
418 438
418 441
418 445
418 446
418 448
418 457
418 458
418 460
419 420
419 422
419 423
419 424
419 425
419 426
419 428
419 438
419 439
419 446
419 447
419 449
419 457
419 460
420 422
420 423
420 425
420 426
420 428
420 429
420 430
420 432
420 435
420 440
420 441
420 442
420 446
421 423
421 430
421 432
421 438
421 445
421 446
421 461
422 423
422 425
422 427
422 428
422 429
422 430
422 431
422 432
422 435
422 438
422 439
422 441
422 442
422 446
423 424
423 432
423 441
423 445
423 448
423 453
423 459
423 461
424 426
424 430
424 438
424 445
424 446
424 447
424 449
424 455
424 456
424 457
424 458
424 460
425 428
425 430
425 432
425 438
425 439
425 441
425 442
425 446
426 428
426 430
426 432
426 434
426 435
426 436
426 437
426 439
426 442
426 449
426 457
426 460
427 429
427 430
427 431
427 432
427 433
427 434
427 435
427 446
427 476
427 477
427 479
428 430
428 432
428 433
428 435
428 438
428 439
428 440
428 441
428 442
428 446
429 431
430 432
430 433
430 435
430 438
430 439
430 442
430 445
430 446
430 448
430 455
430 456
430 457
430 458
431 434
431 435
431 478
431 480
431 481
431 482
431 483
431 484
432 433
432 434
432 435
432 436
432 437
432 439
432 442
432 446
433 434
433 435
433 436
433 437
433 442
433 446
433 523
434 435
434 436
434 437
434 442
434 476
434 477
434 479
434 481
434 482
434 483
434 484
434 523
435 436
435 437
435 439
435 441
435 442
435 446
435 478
435 480
435 481
435 482
435 483
435 484
435 523
436 437
436 442
437 442
437 443
437 466
437 467
437 468
437 469
438 439
438 440
438 446
438 447
438 449
438 457
438 462
438 487
439 446
439 487
441 442
441 453
441 464
442 464
443 465
443 466
443 467
443 468
443 485
444 468
445 446
445 447
445 448
445 457
445 458
446 447
446 448
446 451
446 452
446 454
446 456
446 457
446 458
446 462
446 488
446 489
446 491
446 492
446 493
446 494
446 495
446 496
447 448
447 449
447 450
447 451
447 452
447 454
447 457
447 458
447 462
447 489
447 491
448 456
448 457
448 458
448 461
449 458
450 452
450 457
450 491
450 495
450 500
450 501
450 502
450 503
450 504
450 505
450 506
450 507
450 508
450 509
450 525
451 453
451 454
451 488
451 491
451 496
452 454
452 491
452 492
452 493
453 454
453 457
453 458
453 459
453 460
453 461
453 462
453 463
453 464
453 468
453 504
453 508
454 457
454 491
454 492
454 493
454 499
454 516
455 456
455 457
455 458
455 459
455 466
455 511
455 513
455 514
455 515
455 516
455 517
455 518
455 519
455 526
456 457
456 458
456 460
456 517
456 520
456 521
456 522
456 523
456 524
457 458
457 459
457 460
457 463
457 490
457 495
457 497
457 498
457 499
457 500
457 501
457 502
457 503
457 504
457 505
457 506
457 507
457 508
457 509
457 516
457 525
458 459
458 460
458 463
458 490
458 510
458 511
458 512
458 513
458 514
458 515
459 460
459 461
459 463
459 490
459 510
459 511
459 512
459 513
459 514
459 515
460 463
460 490
460 515
462 463
463 490
464 468
464 504
464 508
465 466
465 467
465 468
465 485
465 486
465 512
466 467
466 468
466 485
466 511
466 517
467 468
467 485
468 485
468 504
468 508
470 503
471 472
471 473
471 474
471 475
472 473
472 474
472 475
473 474
473 475
474 475
474 484
474 526
475 484
475 526
476 477
476 478
476 479
477 478
477 479
478 479
478 480
481 482
481 483
481 484
482 483
482 484
483 484
484 526
485 486
488 494
488 495
488 496
491 492
491 493
492 493
492 496
494 495
494 496
495 496
495 500
495 501
495 502
495 503
495 525
497 498
497 499
497 516
498 499
498 516
499 516
500 501
500 502
500 503
500 521
500 525
501 502
501 503
501 521
501 525
502 503
502 525
503 525
504 505
504 506
504 507
504 508
504 509
505 506
505 507
505 508
505 509
505 511
506 507
506 508
506 509
506 511
507 508
507 509
508 509
510 511
510 512
510 513
510 514
510 515
511 512
511 513
511 514
511 515
511 517
512 513
512 514
512 515
513 514
513 515
514 515
516 517
516 518
516 519
516 526
517 518
517 519
517 520
517 521
517 522
517 523
517 524
517 526
518 519
518 526
519 526
520 521
520 522
520 523
520 524
521 522
521 523
521 524
522 523
522 524
523 524
